"conso"
30.65
31.35
33.03
31.94
32.05
31.43
33.09
31.92
30.39
35.5
33.13
31.38
33.64
30.56
32.11
28.7
34.43
28.17
28.07
31.41
32.38
36.07
29.63
33.78
31.04
30.18
34.6
33.92
28.16
31.06
30.06
28.11
33.9
33.07
32.22
31.03
28.56
30.56
32.38
32.09
30.8
31.84
32.74
35.02
32.52
33.18
30.85
28.13
32.48
34.7
29.39
31.39
27.81
31.56
32.44
31.48
33.48
28.87
27.21
31.87
30.2
32.06
29.17
31.5
28.48
30.91
32.16
29.8
26.94
34.24
26.23
33.85
26.88
33.61
30.41
33.37
29.16
32.97
31.89
33.19
33.08
35.03
35.5
34.21
32.68
35.1
28.67
30.73
29.67
34.93
30.82
30.52
31.91
30.95
31.62
31.25
31.84
31.54
28.8
31.29
30.24
32.32
30.84
32.98
33.2
31.93
32.45
28.06
29.14
26.4
30.3
29.83
32.91
31.76
30.72
32.83
33.89
29.15
29.7
31.02
35.03
30.69
35.31
30.05
26.85
33.28
32.1
31.88
